0 152.118416071
1 63.1216068268
2 49.8049190044
3 40.0999810696
4 43.7998158932
5 25.0977170467
6 15.5743510723
7 39.1036529541
8 95.0692369938
9 82.2720329762
10 33.1432669163
11 58.2679479122
12 62.205147028
13 39.2203149796
14 15.5923089981
15 17.664493084
16 42.1987719536
17 62.4547111988
18 64.9081990719
19 27.8932468891
20 55.5013058186
21 44.9054319859
22 48.4165530205
23 13.9223270416
24 25.282296896
25 53.3997049332
26 37.3080518246
27 14.7472259998
28 28.6825950146
29 21.5258529186
30 64.1410410404
31 22.1841340065
32 37.2614309788
33 29.9533348083
34 12.7235050201
35 16.5946979523
36 14.6253228188
37 31.648195982
38 12.8036808968
39 17.4709129333
40 13.7204101086
41 17.6603758335
42 30.6817810535
43 34.3970348835
44 16.5203440189
45 14.3512830734
46 19.3916149139
47 16.6040079594
48 21.2105779648
49 16.6791608334
50 37.2085080147

