0 79.73351717
1 7.68695402145
2 55.1717128754
3 14.1887669563
4 24.7319619656
5 30.062224865
6 18.8789291382
7 32.9995989799
8 19.9037618637
9 22.5398159027
10 7.60802102089
11 22.7683150768
12 30.6608419418
13 21.6779241562
14 9.50443196297
15 6.17146205902
16 13.1051540375
17 9.52002096176
18 20.7344369888
19 13.2632629871
20 20.8120148182
21 5.74506092072
22 10.4984440804
23 11.3490960598
24 10.4032659531
25 10.3954210281
26 10.4186041355
27 17.9556000233
28 12.4937579632
29 6.63683080673
30 4.76498699188
31 13.1544911861
32 9.4734249115
33 10.580673933
34 4.73899698257
35 9.37504410744
36 10.4322948456
37 5.78126001358
38 15.3686730862
39 8.09641480446
40 3.90661692619
41 5.91076898575
42 4.75262904167
43 9.41439509392
44 8.70974707603
45 6.78958797455
46 4.83730792999
47 9.48522496223
48 3.84297204018
49 5.68431711197
50 4.83080482483
51 9.412804842
52 9.48086690903
53 4.76167297363
54 6.81451511383
55 6.65194606781
56 7.57035207748
