0 37.609703064
1 56.8947360516
2 75.0019419193
3 96.2480640411
4 41.9224081039
5 44.7156229019
6 50.0207779408
7 74.8641819954
8 47.292678833
9 67.091408968
10 41.0201330185
11 16.0918228626
12 60.1333999634
13 57.3589508533
14 13.7868390083
15 54.1453399658
16 67.6630978584
17 29.7119510174
18 40.9391360283
19 77.8750441074
20 38.9731941223
21 23.6311709881
22 32.5421469212
23 48.4013409615
24 59.9506850243
25 31.5520470142
26 45.6452159882
27 42.0780689716
28 17.4725708961
29 40.9493219852
30 8.04873013496
31 83.8028609753
32 23.9646430016
33 32.0490410328
34 44.5138068199
35 37.2574810982
36 40.9566118717
37 24.0380318165
38 12.8395390511
39 27.7268791199
40 16.682749033
41 26.8172230721
42 19.3626418114
43 43.872232914
44 15.5591731071
45 10.015994072
46 47.1751558781
47 15.7236289978
48 22.205343008
49 37.0368418694
50 14.6889989376
51 18.4059038162
52 32.8585040569
53 39.1635468006
