0 31.9915459156
1 39.9960260391
2 30.2870280743
3 40.7221548557
4 9.99189686775
5 47.7905008793
6 17.5197589397
7 20.377666235
8 19.3559558392
9 8.11419796944
10 38.8467919827
11 24.0934729576
12 39.0194749832
13 10.839179039
14 6.13825798035
15 7.05235600471
16 15.5261909962
17 59.7112410069
18 13.6636788845
19 8.97802209854
20 8.92521309853
21 19.3416261673
22 10.0318250656
23 4.25758290291
24 23.0057208538
25 22.040047884
26 46.4408419132
27 31.4096498489
28 15.4988880157
29 9.20129704475
30 8.06046509743
31 8.02595186234
32 15.5447590351
33 12.6336710453
34 9.23960208893
35 15.5308170319
36 6.13875198364
37 4.25976777077
38 14.5855460167
39 24.9889318943
40 14.6553621292
41 5.17236304283
42 16.5298190117
43 5.18356180191
44 4.23527097702
45 38.9862239361
46 24.970083952
47 6.16525197029
48 5.19619488716
49 7.10175085068
50 4.23550009727
51 5.20722794533
52 15.4574100971
53 6.24036598206
