57.4102561474
22.0047669411
15.5654819012
31.5928380489
20.21311903
25.9298369884
8.98430109024
8.15001702309
34.2339060307
8.02345895767
22.0250220299
16.551076889
39.1387078762
13.6678490639
15.4499909878
38.7972660065
10.7792210579
31.4877669811
7.05829906464
10.8015341759
25.9226059914
38.8632149696
17.3936328888
10.7612330914
39.0555150509
35.33528018
9.95367097855
16.3396129608
15.5968289375
9.86454916
38.951431036
9.92096614838
16.3739850521
9.93655180931
37.1344411373
9.97082519531
10.7994399071
22.3144021034
7.02768111229
13.6937479973
9.89543890953
7.1368560791
10.0747728348
10.8263239861
41.9613909721
4.26494789124
45.0465979576
10.4523780346
10.5426239967
9.97605991364
9.84629106522
9.94789409637
40.0473210812
13.2924339771
9.92410111427
10.1434831619
