0 100000
1 92836
2 92921
3 92693
4 92856
5 92789
6 93017
7 93034
8 92662
9 93035
10 92827
11 92905
12 100000
13 92949
14 92923
15 100000
16 93000
17 92703
18 93039
19 92997
20 92775
21 100000
22 92895
23 92986
24 100000
25 92656
26 93002
27 92920
28 92928
29 93010
30 100000
31 92999
32 92916
33 93004
34 92617
35 93003
36 92996
37 92824
38 93039
39 92956
40 92999
41 93040
42 93010
43 92986
44 100000
45 93088
46 93098
47 93007
48 93001
49 92999
50 92997
51 92999
52 100000
53 92967
54 93000
55 93003
