22.1542000771
47.1648709774
9.50824689865
15.2395021915
16.9962530136
30.2486701012
38.9979608059
28.8191978931
18.9152550697
34.0070931911
21.6557929516
33.0137250423
14.1918749809
18.8696498871
11.3691790104
28.2081007957
11.336014986
9.48118901253
27.4331259727
9.64118003845
12.3592979908
7.58551192284
14.3435549736
11.3524589539
6.58432483673
16.0573999882
9.47457098961
14.3048980236
9.62293195724
40.1809849739
9.1881840229
13.3797931671
9.49408888817
9.47400593758
8.58557486534
9.4928278923
9.51662397385
12.3220169544
9.52493691444
9.44834303856
17.914041996
9.50811505318
9.46204090118
5.76215219498
9.57269597054
8.52305603027
11.4369151592
9.47073602676
5.67857503891
9.54154896736
