48.4848539829
74.4091589451
55.1789519787
32.479072094
63.3394382
27.6848430634
35.297150135
24.9283440113
11.7926630974
54.1325781345
39.0355789661
15.4453599453
42.137830019
64.8376200199
27.7174730301
53.3860468864
62.5960268974
49.3525698185
22.1340670586
49.2870280743
19.2288861275
80.7034168243
38.6261470318
28.4158170223
28.1420531273
19.3466629982
37.1381268501
18.7155828476
14.7912890911
38.9790980816
22.1595158577
16.551928997
23.2145190239
32.6114809513
18.3739631176
45.1699650288
10.8144109249
41.7368409634
14.5487508774
18.3450930119
16.5177230835
23.9391949177
21.9807798862
14.6177630424
9.01792097092
59.4359519482
31.4934129715
20.143433094
20.1888210773
14.6855368614
26.8265888691
60.6159398556
16.513985157
32.7924189568
11.8453500271
17.4269039631
19.3100728989
17.5645689964
11.0253210068
21.2237420082
10.882889986
19.4735350609
30.7058119774
45.1187770367
15.5203900337
