0 41.0722289085
1 64.0443220139
2 50.9642481804
3 26.3598508835
4 9.50670385361
5 25.4538731575
6 8.20651102066
7 18.7532529831
8 17.9021141529
9 8.46878886223
10 5.6622300148
11 10.3088908195
12 23.5247881413
13 3.93150496483
14 4.68195796013
15 17.8332538605
16 17.8943829536
17 16.9022569656
18 7.53038716316
19 12.1970920563
20 6.57535099983
21 6.61524891853
22 10.3560800552
23 4.7674779892
24 5.68271899223
25 6.69718503952
26 5.638931036
27 4.77214193344
28 16.92344594
29 9.49899601936
30 3.86279702187
31 3.76233315468
32 5.69840908051
33 10.3118100166
34 3.84617495537
35 4.6972720623
36 5.6738910675
37 4.70958805084
38 3.77251720428
39 3.81138205528
40 5.65843701363
41 4.71625804901
42 5.65966510773
43 17.8455722332
44 3.87073588371
45 4.81904506683
46 3.76307702065
47 3.74610805511
48 3.90321421623
49 10.4793109894
50 3.81551909447
51 3.81481194496
52 3.82033801079
53 4.69418501854
54 3.81325793266
55 7.58610796928
56 8.46232199669
57 4.78675603867
