0 74.0
1 -62.0
2 91.0
3 38.0
4 88.0
5 38.0
6 -61.0
7 95.0
8 93.0
9 71.0
10 91.0
11 85.0
12 92.0
13 89.0
14 -60.0
15 96.0
16 93.0
17 86.0
18 83.0
19 99.0
20 35.0
21 67.0
22 70.0
23 91.0
24 84.0
25 98.0
26 98.0
27 -60.0
28 94.0
29 23.0
30 90.0
31 99.0
32 77.0
33 94.0
34 77.0
35 93.0
36 63.0
37 48.0
38 93.0
39 91.0
40 97.0
41 90.0
42 51.0
43 90.0
44 72.0
45 102.0
46 94.0
47 75.0
48 92.0
49 91.0
50 94.0
51 88.0
52 90.0
53 -57.0
54 83.0
55 89.0
56 91.0
57 89.0
58 56.0
59 94.0
60 94.0
61 60.0
62 94.0
