0 18.5292100906
1 39.0967240334
2 6.23119807243
3 44.0635790825
4 20.4049150944
5 37.3116459846
6 39.1399428844
7 8.95843195915
8 9.10854005814
9 18.5027360916
10 9.01479911804
11 8.67525219917
12 6.28575396538
13 7.11900305748
14 39.1644029617
15 11.8248260021
16 5.24229383469
17 11.8434350491
18 14.6657319069
19 7.30275821686
20 39.3602538109
21 26.7039251328
22 20.2717249393
23 6.18375992775
24 11.8071119785
25 7.1061770916
26 8.20464491844
27 39.3487811089
28 4.39125704765
29 56.0611579418
30 10.0923650265
31 8.10651493073
32 16.535943985
33 4.32978701591
34 12.81930089
35 5.30577993393
36 24.0576050282
37 32.4377481937
38 5.27695989609
39 6.25172114372
40 8.06713795662
41 6.16258716583
42 31.9311218262
43 7.2276558876
44 19.4474680424
45 5.23433995247
46 4.33261609077
47 15.7114520073
48 9.06631779671
49 6.18746089935
50 4.28122806549
51 7.10946798325
52 7.15672492981
53 39.1272189617
54 9.95167303085
55 7.11609196663
56 5.25693297386
57 7.08721613884
58 26.4592490196
59 4.41411304474
60 4.24363708496
61 31.657476902
62 4.29559493065
